[gd_scene load_steps=23 format=3 uid="uid://debtffqsy0r7x"]

[ext_resource type="ArrayMesh" uid="uid://b57kcw35awe3b" path="res://obstacles.obj" id="1_eee1j"]

[sub_resource type="BoxShape3D" id="BoxShape3D_wsehc"]
size = Vector3(2.03888, 10.7256, 1.07907)

[sub_resource type="BoxShape3D" id="BoxShape3D_w06jx"]
size = Vector3(1, 1.92301, 1)

[sub_resource type="BoxShape3D" id="BoxShape3D_3trbm"]
size = Vector3(1, 7.58568, 1)

[sub_resource type="BoxShape3D" id="BoxShape3D_mlrqq"]
size = Vector3(1, 3.98968, 1)

[sub_resource type="BoxShape3D" id="BoxShape3D_d566g"]
size = Vector3(1, 2.43398, 3.22776)

[sub_resource type="BoxShape3D" id="BoxShape3D_3cn3a"]
size = Vector3(1, 4.67844, 1)

[sub_resource type="BoxShape3D" id="BoxShape3D_uuaqc"]
size = Vector3(1, 4.33121, 1)

[sub_resource type="BoxShape3D" id="BoxShape3D_wyd0u"]
size = Vector3(1, 4.44435, 1)

[sub_resource type="BoxShape3D" id="BoxShape3D_l5tyf"]
size = Vector3(1, 5.57559, 1)

[sub_resource type="BoxShape3D" id="BoxShape3D_x86ly"]
size = Vector3(1, 2.86754, 5.8754)

[sub_resource type="BoxShape3D" id="BoxShape3D_7jy2r"]
size = Vector3(1, 3.04135, 1.74406)

[sub_resource type="CapsuleShape3D" id="CapsuleShape3D_bortg"]
radius = 1.3954
height = 9.26514

[sub_resource type="BoxShape3D" id="BoxShape3D_m2job"]
size = Vector3(1, 1.7541, 4.95943)

[sub_resource type="BoxShape3D" id="BoxShape3D_drr4j"]
size = Vector3(1, 4.89634, 2.91045)

[sub_resource type="BoxShape3D" id="BoxShape3D_vwpqw"]
size = Vector3(1, 9.59486, 1)

[sub_resource type="BoxShape3D" id="BoxShape3D_e2sk0"]
size = Vector3(1, 5.58392, 1)

[sub_resource type="BoxShape3D" id="BoxShape3D_nycwe"]
size = Vector3(1, 5.30658, 1)

[sub_resource type="BoxShape3D" id="BoxShape3D_0dajc"]
size = Vector3(1, 6.23633, 1)

[sub_resource type="BoxShape3D" id="BoxShape3D_lnwgh"]
size = Vector3(1, 3.89149, 1)

[sub_resource type="BoxShape3D" id="BoxShape3D_l6m2k"]
size = Vector3(1, 5.92543, 1)

[sub_resource type="BoxShape3D" id="BoxShape3D_g517w"]
size = Vector3(1, 6.25444, 1)

[node name="Area3D" type="Area3D"]
transform = Transform3D(5.79823e-08, -0.000991905, -0.767999, 7.48868e-11, 0.767999, -0.000991905, 0.768, 0, 5.79824e-08, 6.15966, -32.9619, 9.02218)

[node name="MeshInstance3D" type="MeshInstance3D" parent="."]
transform = Transform3D(0.367032, 0, 5.32907e-15, 0, 0.367032, 0, -5.32907e-15, 0, 0.329404, 0.0544014, 24.9146, -2.1501)
mesh = ExtResource("1_eee1j")

[node name="CollisionShape3D" type="CollisionShape3D" parent="."]
transform = Transform3D(1, -6.53098e-08, 3.76224e-08, 6.53099e-08, 0.501677, -0.865055, 3.76223e-08, 0.865055, 0.501677, -1.90735e-06, 36.4266, 3.11175)
shape = SubResource("BoxShape3D_wsehc")

[node name="CollisionShape3D2" type="CollisionShape3D" parent="."]
transform = Transform3D(1.803, 0, 5.67497e-14, 0, 1.803, 0, -5.67497e-14, 0, 1.803, -0.277138, 33.0933, -6.56205)
shape = SubResource("BoxShape3D_w06jx")

[node name="CollisionShape3D3" type="CollisionShape3D" parent="."]
transform = Transform3D(1, 5.81705e-08, 2.73717e-08, -5.81705e-08, 0.637451, 0.770491, 2.73716e-08, -0.770491, 0.637451, -9.53674e-07, 36.7896, -8.95232)
shape = SubResource("BoxShape3D_3trbm")

[node name="CollisionShape3D4" type="CollisionShape3D" parent="."]
transform = Transform3D(1, 4.85624e-08, 1.76911e-08, -4.85624e-08, 0.765674, 0.643229, 1.76911e-08, -0.643229, 0.765674, 0, 31.9442, 0.395338)
shape = SubResource("BoxShape3D_mlrqq")

[node name="CollisionShape3D5" type="CollisionShape3D" parent="."]
transform = Transform3D(1, -5.04151e-08, 1.92996e-08, 5.04151e-08, 0.74437, -0.667768, 1.92995e-08, 0.667768, 0.74437, 0, 28.7736, 1.63759)
shape = SubResource("BoxShape3D_d566g")

[node name="CollisionShape3D6" type="CollisionShape3D" parent="."]
transform = Transform3D(1, 4.94634e-08, 1.84602e-08, -4.94634e-08, 0.755488, 0.655163, 1.84601e-08, -0.655163, 0.755488, 0, 30.424, -4.91159)
shape = SubResource("BoxShape3D_3cn3a")

[node name="CollisionShape3D7" type="CollisionShape3D" parent="."]
transform = Transform3D(1, 1.33514e-08, 1.18999e-09, -1.33514e-08, 0.984239, 0.176844, 1.18989e-09, -0.176844, 0.984239, -1.90735e-06, 24.6951, 2.88572)
shape = SubResource("BoxShape3D_uuaqc")

[node name="CollisionShape3D8" type="CollisionShape3D" parent="."]
transform = Transform3D(1, -6.79693e-08, 4.2633e-08, 6.79694e-08, 0.43531, -0.900281, 4.26329e-08, 0.900281, 0.43531, 0, 28.0285, -5.95448)
shape = SubResource("BoxShape3D_wyd0u")

[node name="CollisionShape3D9" type="CollisionShape3D" parent="."]
transform = Transform3D(1, 0, 8.52651e-14, 0, 1, 0, -8.52651e-14, 0, 1, 0, 24.0111, -7.7268)
shape = SubResource("BoxShape3D_l5tyf")

[node name="CollisionShape3D10" type="CollisionShape3D" parent="."]
transform = Transform3D(1, 1.79206e-10, 3.05533e-13, -1.79199e-10, 0.999997, 0.00237371, 1.13687e-13, -0.00237371, 0.999997, 0, 21.6855, -11.0037)
shape = SubResource("BoxShape3D_x86ly")

[node name="CollisionShape3D11" type="CollisionShape3D" parent="."]
transform = Transform3D(1, 0, 4.26326e-14, 0, 1, 0, -4.26326e-14, 0, 1, 9.53674e-07, 18.2703, -12.4782)
shape = SubResource("BoxShape3D_7jy2r")

[node name="CollisionShape3D12" type="CollisionShape3D" parent="."]
transform = Transform3D(1, -2.91461e-17, 5.68434e-14, 7.03052e-17, 1, -3.49246e-10, -5.68434e-14, 3.49246e-10, 1, -0.670832, 11.1196, -8.02053)
shape = SubResource("CapsuleShape3D_bortg")

[node name="CollisionShape3D13" type="CollisionShape3D" parent="."]
transform = Transform3D(1, 0, 8.52651e-14, 0, 1, 0, -8.52651e-14, 0, 1, 0, 18.337, -3.3747)
shape = SubResource("BoxShape3D_m2job")

[node name="CollisionShape3D14" type="CollisionShape3D" parent="."]
transform = Transform3D(1, 2.57277e-08, 4.51905e-09, -2.57277e-08, 0.940146, 0.340773, 4.51878e-09, -0.340773, 0.940146, 0, 17.573, 0.352911)
shape = SubResource("BoxShape3D_drr4j")

[node name="CollisionShape3D15" type="CollisionShape3D" parent="."]
transform = Transform3D(1, 4.6219e-08, 1.58009e-08, -4.62191e-08, 0.790711, 0.61219, 1.58009e-08, -0.61219, 0.790711, -9.53674e-06, 12.0102, 4.02111)
shape = SubResource("BoxShape3D_vwpqw")

[node name="CollisionShape3D16" type="CollisionShape3D" parent="."]
transform = Transform3D(1, -4.84493e-08, 1.75963e-08, 4.84493e-08, 0.76693, -0.641731, 1.75963e-08, 0.641731, 0.76693, -9.53674e-07, 10.7897, 7.39349)
shape = SubResource("BoxShape3D_e2sk0")

[node name="CollisionShape3D17" type="CollisionShape3D" parent="."]
transform = Transform3D(1, 4.74027e-08, 1.67364e-08, -4.74027e-08, 0.77832, 0.627868, 1.67364e-08, -0.627868, 0.77832, -9.53674e-07, 15.0113, 7.24587)
shape = SubResource("BoxShape3D_nycwe")

[node name="CollisionShape3D18" type="CollisionShape3D" parent="."]
transform = Transform3D(1, 2.68542e-08, 4.93749e-09, -2.68542e-08, 0.934603, 0.355694, 4.9373e-09, -0.355694, 0.934603, -9.53674e-07, 19.7565, 4.65494)
shape = SubResource("BoxShape3D_0dajc")

[node name="CollisionShape3D19" type="CollisionShape3D" parent="."]
transform = Transform3D(1, 4.96533e-08, 1.86254e-08, -4.96533e-08, 0.7533, 0.657678, 1.86253e-08, -0.657678, 0.7533, 0, 15.6951, -3.72677)
shape = SubResource("BoxShape3D_lnwgh")

[node name="CollisionShape3D20" type="CollisionShape3D" parent="."]
transform = Transform3D(1, -3.57381e-08, 8.99439e-09, 3.57381e-08, 0.880866, -0.473366, 8.99433e-09, 0.473366, 0.880866, 0, 11.8048, -2.96239)
shape = SubResource("BoxShape3D_l6m2k")

[node name="CollisionShape3D21" type="CollisionShape3D" parent="."]
transform = Transform3D(1, 5.30805e-08, 2.181e-08, -5.30805e-08, 0.711119, 0.703072, 2.18099e-08, -0.703072, 0.711119, 0, 9.74125, -4.95729)
shape = SubResource("BoxShape3D_g517w")

[node name="CollisionShape3D22" type="CollisionShape3D" parent="."]
transform = Transform3D(1, 6.17603e-08, 1.18922e-07, -6.17603e-08, -0.575163, 0.818039, 1.18922e-07, -0.818039, -0.575163, -4.76837e-06, 11.4585, -9.97287)
shape = SubResource("BoxShape3D_g517w")

[node name="CollisionShape3D23" type="CollisionShape3D" parent="."]
transform = Transform3D(1, -4.62149e-08, 1.35199e-07, 4.62149e-08, -0.790754, -0.612135, 1.35198e-07, 0.612135, -0.790754, -3.8147e-06, 12.0876, -12.3008)
shape = SubResource("BoxShape3D_g517w")

[node name="CollisionShape3D24" type="CollisionShape3D" parent="."]
transform = Transform3D(1, 3.03945e-08, 1.44608e-07, -3.03945e-08, -0.915382, 0.402587, 1.44608e-07, -0.402587, -0.915382, -3.8147e-06, 15.6037, -13.3682)
shape = SubResource("BoxShape3D_g517w")
