[gd_scene load_steps=11 format=3 uid="uid://dm6lhdt8grlxv"]

[ext_resource type="ArrayMesh" uid="uid://i0chebprpipi" path="res://boat_001.obj" id="1_6k0rk"]
[ext_resource type="Script" path="res://boat.gd" id="2_fkm1m"]

[sub_resource type="Animation" id="Animation_l8p6v"]
resource_name = "boat_rocking"
loop_mode = 1
tracks/0/type = "position_3d"
tracks/0/imported = false
tracks/0/enabled = true
tracks/0/path = NodePath(".")
tracks/0/interp = 1
tracks/0/loop_wrap = true
tracks/0/keys = PackedFloat32Array(0, 1, 0.131935, 0.196141, 0.208257, 0.5, 1, 0.131935, 0.111925, 0.208257, 1, 1, 0.131935, 0.196141, 0.208257)

[sub_resource type="AnimationLibrary" id="AnimationLibrary_l5f3f"]
_data = {
"boat_rocking": SubResource("Animation_l8p6v")
}

[sub_resource type="FogMaterial" id="FogMaterial_t05f1"]
density = 0.5248
albedo = Color(0.686275, 0.741176, 0.780392, 1)

[sub_resource type="ProceduralSkyMaterial" id="ProceduralSkyMaterial_ctk07"]
sky_top_color = Color(0.0784314, 0.109804, 0.345098, 1)
sky_horizon_color = Color(0.121569, 0.121569, 0.270588, 1)

[sub_resource type="Sky" id="Sky_s8i4r"]
sky_material = SubResource("ProceduralSkyMaterial_ctk07")

[sub_resource type="Environment" id="Environment_s2v4n"]
background_mode = 2
sky = SubResource("Sky_s8i4r")
volumetric_fog_enabled = true
volumetric_fog_density = 0.0079

[sub_resource type="StandardMaterial3D" id="StandardMaterial3D_sy44d"]
albedo_color = Color(0.121569, 0.258824, 0.384314, 1)

[sub_resource type="PlaneMesh" id="PlaneMesh_i4xi0"]

[node name="Node3D" type="Node3D"]

[node name="Node3D" type="Node3D" parent="."]

[node name="AnimationPlayer" type="AnimationPlayer" parent="Node3D"]
root_node = NodePath("MeshInstance3D")
autoplay = "boat_rocking"
libraries = {
"": SubResource("AnimationLibrary_l5f3f")
}

[node name="MeshInstance3D" type="MeshInstance3D" parent="Node3D/AnimationPlayer"]
transform = Transform3D(0.0824082, 0, 0.996599, 0, 1, 0, -0.996599, 0, 0.0824082, 0.131935, 0.196141, 0.208257)
mesh = ExtResource("1_6k0rk")
skeleton = NodePath("../..")
script = ExtResource("2_fkm1m")

[node name="Camera3D" type="Camera3D" parent="Node3D"]
transform = Transform3D(0.880088, 0.128771, 0.457016, 6.90666e-09, 0.962522, -0.271205, -0.474811, 0.238685, 0.847104, 2.2138, -2.38419e-07, 2.48923)

[node name="FogVolume" type="FogVolume" parent="Node3D"]
transform = Transform3D(0.599485, 0.0730975, 0.797041, 0, 0.995821, -0.0913278, -0.800386, 0.0547496, 0.596979, -0.0489082, 0.251435, -4.42776)
size = Vector3(23.6285, 0.330087, 20.4477)
material = SubResource("FogMaterial_t05f1")

[node name="WorldEnvironment" type="WorldEnvironment" parent="Node3D/FogVolume"]
environment = SubResource("Environment_s2v4n")

[node name="MeshInstance3D2" type="MeshInstance3D" parent="Node3D"]
transform = Transform3D(73.8808, 0, 0, 0, 1, 0, 0, 0, 34.4293, -0.459244, -0.204233, -1.10001)
material_override = SubResource("StandardMaterial3D_sy44d")
mesh = SubResource("PlaneMesh_i4xi0")

[node name="DirectionalLight3D" type="DirectionalLight3D" parent="Node3D"]
transform = Transform3D(0.577578, -0.592971, 0.56106, -0.630631, 0.112324, 0.767911, -0.51837, -0.797351, -0.30907, 5.62443, 6.6119, -3.68748)
